0.149
0.677
0.229
0.77
0.727
0.841
0.221
0.133
0.658
0.838
0.378
0.621
0.895
0.689
0.840
0.385
0.84
0.976
0.960
0.583
0.899
0.5
0.201
0.696
0.798
0.905
0.218
0.986
0.717
0.109
0.660
0.941
0.64
0.541
0.250
0.671
0.685
0.963
0.757
0.23
0.890
0.143
0.602
0.235
0.592
0.548
0.837
0.94
0.486
0.16
0.505
0.92
0.822
0.812
0.623
0.652
0.941
0.266
0.761
0.70
0.886
0.200
0.615
0.791
0.425
0.631
0.785
0.982
0.867
0.636
0.846
0.182
0.89
0.630
0.707
0.590
0.32
0.40
0.600
0.833
0.344
0.457
0.408
0.198
0.719
0.881
0.409
0.510
0.600
0.552
0.616
0.19
0.510
0.224
0.102
0.495
0.383
0.326
0.561
0.916
0.759
0.116
0.598
0.537
0.762
0.145
0.968
0.455
0.776
0.206
0.122
0.783
0.296
0.448
0.545
0.852
0.616
0.782
0.660
0.360
0.68
0.735
0.254
0.543
0.257
0.873
0.875
0.478
0.686
0.504
0.720
0.479
0.840
0.554
0.59
0.783
0.118
0.505
0.584
0.989
0.472
0.693
0.72
0.133
0.519
0.471
0.369
0.294
0.32
0.765
0.393
0.862
0.828
0.919
0.681
0.356
0.411
0.399
0.688
0.871
0.757
0.643
0.767
0.506
0.722
0.472
0.672
0.478
0.917
0.703
0.180
0.571
0.586
0.25
0.464
0.657
0.799
0.554
0.376
0.434
0.267
0.948
0.406
0.469
0.822
0.113
0.812
0.653
0.584
0.656
0.80
0.335
0.293
0.728
0.993
0.750
0.339
0.468
0.238
0.526
0.436
0.673
0.773
0.10
0.851
0.417
0.203
0.261
0.430
0.467
0.291
0.609
0.147
0.47
0.60
0.269
0.629
0.865
0.45
0.529
0.427
0.892
0.507
0.673
0.387
0.457
0.212
0.357
0.936
0.423
0.819
0.687
0.247
0.460
0.181
0.523
0.173
0.17
0.867
0.362
0.303
0.82
0.783
0.748
0.2
0.269
0.848
0.311
0.37
0.71
0.420
0.362
0.379
0.433
0.529
0.204
0.897
0.848
0.19
0.549
0.583
0.779
0.760
0.175
0.857
0.276
0.940
0.691
0.321
0.656
0.810
0.357
0.587
0.848
0.570
0.614
0.111
0.147
0.785
0.381
0.4
0.285
0.459
0.169
0.494
0.356
0.210
0.327
0.143
0.912
0.305
0.595
0.764
0.628
0.812
0.800
0.719
0.686
0.29
0.777
0.747
0.245
0.712
0.520
0.809
0.469
0.404
0.733
0.283
0.801
0.132
0.280
0.669
0.57
0.118
0.310
0.389
0.883
0.699
0.39
0.629
0.116
0.731
0.675
0.390
0.209
0.817
0.391
0.399
0.143
0.208
0.757
0.71
0.229
0.422
0.880
0.643
0.137
0.78
0.759
0.784
0.587
0.626
0.410
0.772
0.520
0.267
0.340
0.497
0.719
0.414
0.836
0.221
0.872
0.10
0.871
0.5
0.75
0.442
0.876
0.421
0.968
0.122
0.887
0.198
0.205
0.368
0.336
0.253
0.785
0.455
0.131
0.165
0.715
0.168
0.224
0.807
0.968
0.699
0.194
0.146
0.56
0.908
0.547
0.720
0.214
0.943
0.298
0.394
0.778
0.786
0.202
0.648
0.911
0.453
0.676
0.475
0.895
0.961
0.910
0.36
0.701
0.645
0.241
0.467
0.882
0.862
0.283
0.866
0.856
0.641
0.544
0.898
0.278
0.621
0.11
0.605
0.419
0.26
0.770
0.884
0.848
0.395
0.172
0.802
0.342
0.532
0.782
0.549
0.828
0.936
0.647
0.673
0.999
0.898
0.92
0.184
0.355
0.943
0.6
0.96
0.488
0.944
0.955
0.385
0.817
0.639
0.798
0.385
0.690
0.35
0.802
0.830
0.152
0.140
0.34
0.795
0.165
0.978
0.956
0.366
0.287
0.13
0.868
0.616
0.662
0.829
0.668
0.433
0.283
0.441
0.679
0.316
0.52
0.203
0.463
0.938
0.779
0.566
0.667
0.534
0.318
0.208
0.30
0.884
0.111
0.443
0.543
0.989
0.185
0.867
0.530
0.22
0.577
0.461
0.393
0.59
0.616
0.277
0.885
0.746
0.502
0.134
0.629
0.644
0.187
0.533
0.529
0.991
0.440
0.906
0.677
0.750
0.688
0.522
0.295
0.274
0.572
0.876
0.667
0.593
0.898
0.164
0.306
0.731
0.229
0.707
0.573
0.646
0.399
0.727
0.71
0.609
0.807
0.48
0.952
0.20
0.633
0.352
0.547
0.981
0.321
0.301
0.190
0.313
0.552
0.856
0.12
0.171
0.645
0.867
0.582
0.587
0.134
0.130
0.115
0.812
0.526
0.683
0.735
0.888
0.944
0.964
0.632
0.302
0.553
0.916
0.501
0.654
0.469
0.572
0.784
0.911
0.672
0.175
0.975
0.761
0.136
0.433
0.958
0.576
0.129
0.749
0.368
0.164
0.603
0.106
0.704
0.354
0.770
0.605
0.109
0.961
0.286
0.265
0.217
0.741
0.547
0.569
0.467
0.465
0.693
0.519
0.200
0.363
0.333
0.771
0.86
0.402
0.441
0.940
0.330
0.825
0.976
0.610
0.412
0.545
0.510
0.415
0.136
0.950
0.829
0.222
0.841
0.874
0.65
0.674
0.932
0.612
0.288
0.774
0.230
0.876
0.251
0.861
0.855
0.240
0.950
0.914
0.64
0.259
0.910
0.824
0.457
0.337
0.204
0.202
0.680
0.229
0.85
0.746
0.242
0.849
0.852
0.362
0.764
0.445
0.265
0.12
0.587
0.701
0.5
0.791
0.453
0.855
0.330
0.959
0.299
0.620
0.38
0.949
0.778
0.536
0.393
0.338
0.243
0.730
0.203
0.386
0.215
0.336
0.105
0.532
0.394
0.559
0.892
0.645
0.211
0.854
0.580
0.720
0.379
0.205
0.76
0.444
0.962
0.801
0.963
0.598
0.272
0.721
0.139
0.299
0.118
0.899
0.996
0.172
0.952
0.116
0.629
0.344
0.877
0.655
0.343
0.362
0.984
0.687
0.778
0.727
0.831
0.282
0.511
0.315
0.187
0.401
0.692
0.367
0.189
0.974
0.36
0.587
0.174
0.186
0.384
0.912
0.970
0.713
0.965
0.408
0.227
0.91
0.213
0.345
0.940
0.650
0.439
0.179
0.71
0.199
0.184
0.943
0.255
0.288
0.64
0.671
0.548
0.696
0.995
0.701
0.157
0.332
0.777
0.468
0.330
0.961
0.62
0.284
0.528
0.580
0.180
0.164
0.803
0.612
0.387
0.761
0.700
0.542
0.875
0.40
0.171
0.283
0.678
0.22
0.692
0.185
0.276
0.889
0.624
0.486
0.682
0.706
0.146
0.617
0.694
0.481
0.34
0.632
0.390
0.360
0.201
0.109
0.412
0.674
0.765
0.374
0.510
0.521
0.964
0.602
0.176
0.240
0.582
0.401
0.862
0.755
0.547
0.993
0.763
0.53
0.795
0.250
0.516
0.647
0.784
0.372
0.818
0.999
0.3
0.699
0.928
0.762
0.686
0.418
0.753
0.896
0.703
0.293
0.245
0.439
0.707
0.349
0.704
0.670
0.518
0.862
0.726
0.25
0.452
0.841
0.527
0.856
0.227
0.34
0.430
0.74
0.351
0.529
0.125
0.647
0.83
0.771
0.133
0.529
0.290
0.122
0.209
0.423
0.548
0.326
0.221
0.718
0.695
0.443
0.294
0.597
0.333
0.976
0.415
0.858
0.379
0.729
0.190
0.465
0.131
0.875
0.212
0.951
0.119
0.965
0.508
0.936
0.259
0.313
0.866
0.128
0.171
0.871
0.925
0.824
0.328
0.456
0.670
0.215
0.325
0.823
0.38
0.766
0.991
0.496
0.871
0.491
0.370
0.94
0.362
0.828
0.519
0.353
0.317
0.638
0.38
0.69
0.497
0.503
0.209
0.805
0.975
0.721
0.973
0.363
0.108
0.517
0.878
0.430
0.916
0.627
0.107
0.861
0.650
0.683
0.87
0.738
0.242
0.351
0.702
0.291
0.101
0.752
0.435
0.279
0.412
0.306
0.927
0.335
0.207
0.31
0.286
0.903
0.830
0.573
0.100
0.541
0.672
0.889
0.76
0.957
0.232
0.395
0.684
0.513
0.886
0.476
0.339
0.882
0.129
0.239
0.152
0.896
0.713
0.754
0.61
0.50
0.67
0.435
0.163
0.952
0.341
0.298
0.569
0.101
0.927
0.646
0.316
0.258
0.652
0.503
0.16
0.229
0.197
0.464
0.954
0.486
0.260
0.121
0.506
0.829
0.39
0.131
0.357
0.610
0.769
0.21
0.929
0.844
0.602
0.550
0.280
0.188
0.268
0.159
0.20
0.329
0.880
0.872
0.650
0.953
0.652
0.232
0.707
0.256
0.574
0.458
0.728
0.754
0.686
0.65
0.444
0.367
0.59
0.352
0.187
0.626
0.686
0.498
0.408
0.720
0.198
0.465
0.151
0.136
0.50
0.766
0.442
0.312
0.468
0.971
0.512
0.630
0.454
0.620
0.286
0.527
0.5
0.172
0.576
0.257
0.674
0.180
0.131
0.523
0.785
0.832
0.623
0.613
0.907
0.684
0.494
0.92
0.583
0.594
0.609
0.747
0.546
0.105
0.850
0.979
0.121
0.33
0.795
0.795
0.666
0.406
0.58
0.861
0.577
0.389
0.24
0.415
0.727
0.47
0.686
0.466
0.990
0.996
0.86
0.225
0.708
0.256
0.944
0.570
0.351
0.825
0.716
0.247
0.704
0.967
0.326
0.281
0.46
0.137
0.976
0.269
0.286
0.355
0.289
0.952
0.463
0.816
0.976
0.307
0.921
0.296
0.120
0.480
0.873
0.702
0.405
0.407
0.223
0.52
0.955
0.311
0.901
0.881
0.770
0.123
0.814
0.477
0.560
0.701
0.330
0.878
0.837
0.95
0.472
0.145
0.960
0.75
0.537
0.847
0.223
0.401
0.564
0.138
0.778
0.932
0.456
0.273
0.202
0.867
0.101
0.226
0.758
0.710
0.590
0.492
0.469
0.681
0.981
0.525
0.475
0.154
0.687
0.537
0.929
0.94
0.391
0.351
0.280
0.546
0.251
0.5
0.166
0.254
0.277
0.226
0.134
0.282
0.662
0.877
0.180
0.241
0.476
0.335
0.991
0.380
0.818
0.68
0.678
0.923
0.431
0.833
0.70
0.815
0.758
0.120
0.726
0.828
0.212
0.94
0.18
0.624
0.941
0.96
0.455
0.532
0.538
0.65
0.810
0.902
0.126
0.89
0.346
0.624
0.982
0.858
0.911
0.91
0.525
0.151
0.141
0.523
0.386
0.324
0.397
0.188
0.750
0.741
0.801
0.379
0.683
0.698
0.123
0.788
0.412
0.614
0.626
0.19
0.87
0.583
0.871
0.716
0.294
0.537
0.192
0.901
0.736
0.916
0.571
0.565
0.398
0.62
0.242
0.618
0.266
0.735
0.503
0.51
0.624
0.313
0.790
0.241
0.625
0.408
0.364
0.558
0.276
0.906
0.284
0.787
0.200
0.848
0.246
0.950
0.372
0.111
0.752
0.204
0.647
0.613
0.158
0.356
0.181
0.824
0.514
0.434
0.131
0.630
0.581
0.192
0.673
0.950
0.659
0.824
0.902
0.645
0.737
0.659
0.858
0.292
0.111
0.287
0.606
0.609
0.98
0.773
0.705
0.867
0.771
0.783
0.195
0.770
0.263
0.399
0.442
0.310
0.150
0.418
0.311
0.976
0.889
0.384
0.757
0.942
0.519
0.142
0.77
0.752
0.142
0.902
0.884
0.707
0.239
0.402
0.33
0.252
0.185
0.64
0.696
0.109
0.510
0.328
0.177
0.248
0.331
0.552
0.799
0.155
0.623
0.537
0.786
0.60
0.268
0.92
0.863
0.16
0.785
0.873
0.809
0.942
0.944
0.248
0.858
0.816
0.742
0.944
0.766
0.257
0.975
0.745
0.850
0.440
0.472
0.686
0.858
0.920
0.460
0.749
0.335
0.43
0.200
0.146
0.233
0.911
0.972
0.953
0.258
0.984
0.523
0.84
0.493
0.877
0.150
0.717
0.371
0.349
0.859
0.161
0.425
0.219
0.117
0.596
0.280
0.967
0.263
0.104
0.337
0.59
0.24
0.457
0.847
0.174
0.800
0.126
0.248
0.457
0.573
0.808
0.966
0.619
0.811
0.516
0.601
0.774
0.975
0.486
0.66
0.276
0.238
0.327
0.265
0.490
0.798
0.284
0.13
0.690
0.52
0.769
0.189
0.421
0.50
0.791
0.916
0.807
0.832
0.435
0.396
0.434
0.172
0.351
0.515
0.196
0.849
0.823
0.405
0.724
0.875
0.900
0.372
0.214
0.989
0.989
0.305
0.40
0.763
0.767
0.240
0.212
0.185
0.297
0.927
0.82
0.646
0.515
0.872
0.358
0.661
0.790
0.491
0.308
0.42
0.566
0.177
0.884
0.268
0.432
0.146
0.863
0.25
0.119
0.937
0.853
0.203
0.731
0.959
0.639
0.385
0.645
0.719
0.361
0.693
0.8
0.608
0.697
0.192
0.473
0.169
0.428
0.564
0.823
0.739
0.600
0.484
0.641
0.646
0.885
0.737
0.346
0.351
0.5
0.338
0.61
0.502
0.199
0.627
0.373
0.569
0.893
0.43
0.906
0.385
0.92
0.211
0.240
0.928
0.655
0.466
0.773
0.903
0.45
0.224
0.601
0.613
0.794
0.502
0.827
0.817
0.214
0.985
0.557
0.88
0.531
0.335
0.748
0.598
0.204
0.681
0.387
0.404
0.873
0.284
0.844
0.73
0.523
0.138
0.151
0.534
0.8
0.457
0.421
0.935
0.822
0.513
0.263
0.853
0.538
0.865
0.763
0.25
0.57
0.890
0.880
0.310
0.720
0.774
0.189
0.336
0.19
0.598
0.146
0.723
0.122
0.947
0.992
0.660
0.379
0.416
0.624
0.612
0.239
0.345
0.178
0.478
0.135
0.921
0.872
0.188
0.441
0.191
0.836
0.858
0.776
0.248
0.290
0.875
0.263
0.680
0.757
0.849
0.244
0.199
0.865
0.148
0.719
0.258
0.636
0.167
0.785
0.162
0.246
0.416
0.663
0.392
0.291
0.263
0.257
0.711
0.946
0.321
0.545
0.845
0.200
0.264
0.678
0.794
0.660
0.8
0.334
0.14
0.538
0.127
0.469
0.501
0.240
0.840
0.678
0.778
0.363
0.158
0.886
0.759
0.951
0.769
0.266
0.329
0.874
0.841
0.655
0.198
0.434
0.951
0.447
0.98
0.629
0.826
0.859
0.559
0.376
0.195
0.481
0.552
0.258
0.651
0.387
0.777
0.7
0.458
0.354
0.844
0.221
0.445
0.340
0.96
0.786
0.99
0.925
0.640
0.359
0.184
0.769
0.405
0.858
0.571
0.507
0.832
0.993
0.142
0.855
0.572
0.382
0.233
0.913
0.821
0.505
0.960
0.681
0.221
0.61
0.395
0.529
0.923
0.338
0.599
0.15
0.506
0.670
0.606
0.274
0.44
0.547
0.149
0.822
0.515
0.40
0.422
0.334
0.509
0.773
0.867
0.208
0.631
0.384
0.33
0.376
0.824
0.192
0.852
0.474
0.270
0.995
0.600
0.153
0.113
0.383
0.898
0.643
0.103
0.875
0.792
0.561
0.506
0.375
0.975
0.988
0.287
0.984
0.235
0.509
0.904
0.355
0.204
0.448
0.935
0.778
0.772
0.611
0.144
0.243
0.653
0.306
0.42
0.626
0.385
0.405
0.98
0.263
0.990
0.842
0.428
0.24
0.824
0.363
0.300
0.817
0.147
0.17
0.404
0.63
0.992
0.441
0.496
0.699
0.621
0.353
0.584
0.541
0.47
0.603
0.918
0.532
0.100
0.656
0.734
0.353
0.381
0.45
0.582
0.883
0.60
0.18
0.991
0.53
0.851
0.87
0.225
0.65
0.375
0.342
0.42
0.367
0.349
0.845
0.623
0.636
0.719
0.572
0.789
0.768
0.934
0.423
0.567
0.398
0.684
0.887
0.756
0.263
0.699
0.875
0.465
0.452
0.90
0.385
0.543
0.399
0.388
0.365
0.345
0.227
0.59
0.197
0.901
0.301
0.434
0.546
0.907
0.418
0.726
0.350
0.300
0.713
0.176
0.241
0.457
0.7
0.851
0.816
0.948
0.418
0.755
0.386
0.374
0.407
0.996
0.152
0.113
0.334
0.995
0.963
0.927
0.473
0.133
0.468
0.427
0.997
0.543
0.358
0.256
0.204
0.935
0.14
0.722
0.586
0.482
0.667
0.384
0.388
0.400
0.296
0.684
0.319
0.196
0.164
0.847
0.172
0.331
0.819
0.120
0.376
0.688
0.73
0.525
0.246
0.461
0.587
0.969
0.907
0.95
0.935
0.857
0.815
0.96
0.713
0.572
0.191
0.840
0.869
0.15
0.995
0.234
0.251
0.660
0.445
0.608
0.545
0.630
0.64
0.70
0.967
0.89
0.496
0.437
0.395
0.705
0.60
0.456
0.999
0.873
0.515
0.967
0.546
0.274
0.446
0.705
0.562
0.555
0.246
0.368
0.668
0.207
0.136
0.722
0.587
0.966
0.752
0.51
0.606
0.815
0.600
0.503
0.316
0.450
0.83
0.280
0.713
0.4
0.93
0.866
0.436
0.588
0.901
0.3
0.280
0.589
0.311
0.107
0.524
0.167
0.335
0.883
0.6
0.104
0.239
0.945
0.433
0.596
0.572
0.329
0.909
0.172
0.111
0.331
0.275
0.401
0.856
0.270
0.53
0.763
0.323
0.327
0.484
0.294
0.648
0.121
0.532
0.722
0.810
0.720
0.300
0.240
0.619
0.327
0.764
0.333
0.208
0.499
0.966
0.616
0.172
0.536
0.643
0.165
0.331
0.408
0.592
0.201
0.908
0.793
0.41
0.706
0.223
0.144
0.2
0.937
0.169
0.280
0.391
0.923
0.634
0.957
0.361
0.170
0.727
0.340
0.409
0.31
0.813
0.897
0.847
0.459
0.99
0.647
0.141
0.396
0.361
0.393
0.703
0.852
0.681
0.566
0.977
0.671
0.799
0.949
0.971
0.760
0.3
0.208
0.411
0.436
0.370
0.305
0.255
0.714
0.233
0.797
0.161
0.419
0.964
0.650
0.332
0.431
0.207
0.265
0.301
0.203
0.688
0.753
0.51
0.321
0.41
0.214
0.327
0.123
0.118
0.788
0.495
0.591
0.264
0.995
0.845
0.951
0.859
0.562
0.567
0.664
0.13
0.86
0.218
0.295
0.507
0.910
0.888
0.566
0.162
0.717
0.954
0.866
0.501
0.68
0.729
0.826
0.816
0.902
0.155
0.47
0.408
0.48
0.169
0.818
0.402
0.890
0.27
0.810
0.515
0.799
0.977
0.767
0.671
0.474
0.398
0.691
0.500
0.68
0.263
0.268
0.17
0.772
0.141
0.161
0.761
0.166
0.236
0.710
0.394
0.461
0.177
0.981
0.714
0.406
0.953
0.838
0.963
0.468
0.236
0.965
0.554
0.281
0.961
0.606
0.257
0.290
0.311
0.427
0.465
0.296
0.303
0.471
0.535
0.717
0.170
0.756
0.958
0.395
0.535
0.456
0.864
0.833
0.929
0.925
0.492
0.542
0.320
0.168
0.986
0.706
0.344
0.723
0.498
0.976
0.33
0.63
0.834
0.526
0.147
0.581
0.62
0.216
0.490
0.250
0.811
0.149
0.553
0.188
0.378
0.101
0.537
0.448
0.783
0.513
0.279
0.944
0.708
0.969
0.602
0.941
0.998
0.894
0.164
0.455
0.214
0.369
0.260
0.266
0.348
0.71
0.11
0.310
0.260
0.41
0.549
0.271
0.263
0.865
0.93
0.819
0.719
0.243
0.686
0.664
0.757
0.944
0.530
0.588
0.779
0.702
0.957
0.237
0.796
0.842
0.571
0.687
0.570
0.533
0.132
0.35
0.4
0.893
0.67
0.652
0.330
0.898
0.99
0.361
0.688
0.924
0.849
0.317
0.734
0.221
0.56
0.786
0.898
0.538
0.34
0.631
0.44
0.713
0.814
0.208
0.172
0.400
0.871
0.386
0.26
0.972
0.396
0.211
0.836
0.261
0.740
0.194
0.289
0.911
0.991
0.725
0.814
0.297
0.447
0.369
0.401
0.636
0.541
0.99
0.336
0.339
0.125
0.315
0.680
0.267
0.616
0.76
0.935
0.732
0.4
0.396
0.970
0.696
0.197
0.958
0.277
0.998
0.887
0.206
0.350
0.216
0.366
0.991
0.439
0.219
0.544
0.1
0.346
0.55
0.722
0.586
0.487
0.251
0.431
0.346
0.978
0.572
0.263
0.705
0.643
0.814
0.529
0.563
0.176
0.892
0.971
0.536
0.408
0.251
0.201
0.107
0.566
0.590
0.917
0.753
0.64
0.877
0.434
0.508
0.758
0.346
0.254
0.904
0.224
0.429
0.743
0.101
0.52
0.902
0.677
0.654
0.248
0.548
0.518
0.809
0.114
0.41
0.116
0.434
0.795
0.251
0.167
0.904
0.294
0.473
0.853
0.714
0.836
0.542
0.289
0.949
0.628
0.223
0.875
0.191
0.538
0.498
0.111
0.434
0.131
0.440
0.640
0.136
0.702
0.449
0.248
0.668
0.72
0.566
0.716
0.681
0.688
0.6
0.364
0.164
0.957
0.827
0.3
0.306
0.106
0.534
0.704
0.828
0.369
0.540
0.364
0.344
0.830
0.589
0.365
0.905
0.515
0.760
0.978
0.419
0.714
0.229
0.959
0.442
0.531
0.2
0.335
0.668
0.993
0.404
0.261
0.442
0.764
0.919
0.649
0.773
0.771
0.866
0.850
0.580
0.699
0.86
0.66
0.848
0.52
0.291
0.619
0.18
0.434
0.730
0.93
0.517
0.393
0.919
0.285
0.322
0.446
0.315
0.894
0.887
0.440
0.996
0.664
0.778
0.336
0.205
0.123
0.11
0.123
0.297
0.394
0.144
0.649
0.630
0.982
0.877
0.455
0.729
0.981
0.702
0.116
0.605
0.941
0.282
0.371
0.526
0.487
0.969
0.629
0.138
0.13
0.289
0.389
0.544
0.467
0.358
0.775
0.343
0.922
0.860
0.640
0.201
0.724
0.38
0.67
0.334
0.795
0.791
0.591
0.28
0.377
0.815
0.823
0.266
0.129
0.89
0.133
0.220
0.82
0.128
0.688
0.255
0.830
0.47
0.55
0.387
0.743
0.345
0.450
0.725
0.703
0.606
0.681
0.883
0.835
0.148
0.456
0.215
0.603
0.517
0.418
0.883
0.818
0.28
0.797
0.628
0.867
0.961
0.638
0.523
0.660
0.720
0.825
0.925
0.113
0.464
0.351
0.890
0.475
0.702
0.685
0.272
0.861
0.906
0.538
0.595
0.933
0.740
0.28
0.695
0.501
0.182
0.781
0.466
0.852
0.254
0.843
0.465
0.689
0.579
0.792
0.810
0.841
0.503
0.531
0.406
0.792
0.346
0.511
0.249
0.310
0.570
0.360
0.994
0.494
0.266
0.312
0.664
0.446
0.976
0.200
0.321
0.744
0.8
0.787
0.275
0.651
0.556
0.353
0.99
0.473
0.649
0.888
0.696
0.540
0.830
0.130
0.608
0.887
0.567
0.3
0.821
0.394
0.629
0.892
0.341
0.362
0.502
0.427
0.62
0.259
0.389
0.617
0.885
0.593
0.998
0.88
0.683
0.785
0.430
0.961
0.882
0.697
0.492
0.930
0.127
0.840
0.411
0.291
0.2
0.140
0.107
0.630
0.56
0.794
0.695
0.11
0.363
0.487
0.728
0.464
0.853
0.589
0.398
0.408
0.648
0.652
0.450
0.772
0.844
0.379
0.277
0.361
0.426
0.770
0.536
0.907
0.249
0.453
0.505
0.837
0.76
0.301
0.191
0.49
0.190
0.500
0.285
0.219
0.32
0.578
0.21
0.954
0.89
0.821
0.482
0.547
0.86
0.527
0.829
0.193
0.368
0.503
0.701
0.961
0.550
0.493
0.231
0.564
0.430
0.350
0.981
0.74
0.80
0.278
0.885
0.822
0.95
0.128
0.199
0.333
0.168
0.315
0.573
0.984
0.379
0.192
0.366
0.965
0.329
0.625
0.427
0.885
0.962
0.186
0.664
0.360
0.770
0.121
0.92
0.20
0.980
0.459
0.216
0.726
0.817
0.948
0.39
0.581
0.103
0.654
0.484
0.542
0.854
0.681
0.621
0.404
0.678
0.12
0.627
0.662
0.713
0.838
0.710
0.650
0.461
0.368
0.856
0.562
0.868
0.308
0.332
0.358
0.43
0.449
0.678
0.940
0.460
0.307
0.693
0.282
0.767
0.91
0.574
0.955
0.93
0.555
0.741
0.217
0.690
0.319
0.963
0.24
0.348
0.770
0.253
0.789
0.860
0.662
0.523
0.964
0.201
0.834
0.627
0.757
0.107
0.299
0.782
0.765
0.673
0.488
0.655
0.802
0.201
0.224
0.194
0.844
0.807
0.128
0.937
0.722
0.121
0.618
0.669
0.574
0.558
0.454
0.754
0.119
0.663
0.811
0.314
0.52
0.296
0.495
0.167
0.382
0.305
0.760
0.583
0.479
0.81
0.821
0.893
0.543
0.255
0.566
0.831
0.274
0.300
0.743
0.482
0.32
0.497
0.351
0.783
0.335
0.892
0.86
0.861
0.461
0.924
0.838
0.82
0.652
0.198
0.993
0.576
0.306
0.586
0.311
0.424
0.796
0.502
0.315
0.532
0.64
0.882
0.589
0.215
0.721
0.25
0.20
0.549
0.647
0.431
0.520
0.767
0.770
0.317
0.161
0.502
0.918
0.105
0.494
0.139
0.398
0.125
0.622
0.874
0.935
0.636
0.112
0.45
0.11
0.789
0.188
0.70
0.596
0.772
0.866
0.670
0.930
0.585
0.407
0.109
0.737
0.788
0.659
0.762
0.833
0.996
0.232
0.208
0.185
0.990
0.735
0.846
0.932
0.643
0.217
0.466
0.97
0.927
0.217
0.872
0.237
0.816
0.731
0.588
0.784
0.883
0.58
0.702
0.729
0.396
0.798
0.789
0.5
0.878
0.254
0.313
0.638
0.42
0.684
0.38
0.945
0.104
0.742
0.506
0.799
0.518
0.350
0.710
0.340
0.331
0.290
0.704
0.975
0.624
0.31
0.82
0.916
0.868
0.24
0.583
0.187
0.285
0.571
0.481
0.783
0.473
0.80
0.498
0.608
0.564
0.52
0.67
0.698
0.250
0.25
0.426
0.214
0.195
0.157
0.460
0.868
0.395
0.905
0.736
0.599
0.338
0.282
0.694
0.447
0.397
0.778
0.491
0.932
0.848
0.444
0.522
0.505
0.325
0.409
0.38
0.634
0.166
0.903
0.168
0.979
0.952
0.880
0.290
0.487
0.409
0.184
0.561
0.890
0.551
0.246
0.769
0.558
0.199
0.974
0.821
0.471
0.559
0.271
0.523
0.862
0.708
0.294
0.159
0.383
0.360
0.868
0.321
0.109
0.180
0.354
0.482
0.216
0.789
0.719
0.660
0.337
0.186
0.55
0.489
0.535
0.304
0.350
0.792
0.229
0.838
0.297
0.820
0.210
0.899
0.212
0.231
0.179
0.168
0.779
0.925
0.615
0.692
0.456
0.133
0.114
0.104
0.859
0.736
0.732
0.16
0.667
0.988
0.677
0.13
0.651
0.272
0.556
0.869
0.189
0.973
0.436
0.645
0.893
0.47
0.922
0.463
0.73
0.789
0.755
0.782
0.168
0.129
0.507
0.839
0.38
0.289
0.396
0.975
0.673
0.409
0.414
0.332
0.591
0.466
0.408
0.964
0.71
0.630
0.912
0.663
0.909
0.467
0.746
0.728
0.396
0.304
0.126
0.284
0.155
0.988
0.291
0.195
0.433
0.795
0.713
0.604
0.195
0.412
0.403
0.372
0.886
0.868
0.269
0.835
0.414
0.12
0.179
0.295
0.875
0.649
0.583
0.184
0.466
0.858
0.891
0.679
0.235
0.524
0.628
0.406
0.6
0.66
0.36
0.260
0.120
0.640
0.243
0.118
0.509
0.562
0.889
0.838
0.882
0.463
0.532
0.135
0.470
0.565
0.399
0.780
0.993
0.848
0.462
0.399
0.309
0.25
0.865
0.513
0.852
0.763
0.348
0.714
0.424
0.48
0.740
0.589
0.633
0.364
0.236
0.164
0.110
0.180
0.633
0.344
0.584
0.900
0.688
0.934
0.62
0.27
0.554
0.672
0.270
0.908
0.803
0.77
0.408
0.317
0.364
0.247
0.256
0.94
0.390
0.74
0.905
0.648
0.172
0.973
0.39
0.71
0.735
0.687
0.505
0.7
0.23
0.582
0.614
0.742
0.619
0.478
0.865
0.307
0.693
0.378
0.955
0.59
0.748
0.510
0.937
0.255
0.876
0.254
0.315
0.472
0.946
0.167
0.707
0.380
0.718
0.202
0.706
0.767
0.906
0.675
0.736
0.361
0.544
0.541
0.157
0.283
0.31
0.207
0.691
0.263
0.44
0.904
0.410
0.215
0.636
0.979
0.706
0.158
0.132
0.111
0.429
0.524
0.870
0.182
0.575
0.52
0.731
0.233
0.568
0.330
0.214
0.131
0.242
0.123
0.552
0.368
0.85
0.929
0.472
0.277
0.17
0.588
0.379
0.895
0.399
0.665
0.907
0.375
0.356
0.27
0.158
0.469
0.203
0.961
0.112
0.188
0.432
0.328
0.649
0.119
0.632
0.491
0.725
0.657
0.313
0.721
0.913
0.224
0.242
0.848
0.385
0.413
0.18
0.755
0.30
0.639
0.786
0.441
0.291
0.766
0.297
0.978
0.170
0.936
0.731
0.273
0.221
0.269
0.991
0.319
0.769
0.530
0.290
0.227
0.708
0.143
0.317
0.917
0.893
0.518
0.725
0.114
0.3
0.524
0.774
0.526
0.615
0.367
0.818
0.99
0.107
0.876
0.625
0.1
0.533
0.489
0.622
0.155
0.662
0.384
0.15
0.510
0.553
0.434
0.321
0.692
0.150
0.269
0.786
0.226
0.308
0.939
0.121
0.777
0.560
0.368
0.455
0.806
0.331
0.874
0.225
0.936
0.954
0.636
0.49
0.278
0.167
0.396
0.661
0.413
0.486
0.573
0.792
0.518
0.274
0.559
0.895
0.13
0.343
0.625
0.872
0.73
0.320
0.226
0.409
0.143
0.653
0.535
0.567
0.667
0.828
0.457
0.583
0.633
0.984
0.818
0.605
0.793
0.178
0.404
0.923
0.983
0.832
0.395
0.72
0.752
0.90
0.804
0.452
0.10
0.516
0.452
0.312
0.440
0.618
0.654
0.287
0.660
0.98
0.545
0.543
0.268
0.699
0.344
0.863
0.430
0.905
0.71
0.383
0.60
0.289
0.432
0.100
0.894
0.579
0.490
0.425
0.370
0.624
0.756
0.962
0.89
0.38
0.788
0.118
0.670
0.842
0.650
0.149
0.889
0.205
0.262
0.781
0.901
0.124
0.935
0.619
0.280
0.399
0.294
0.112
0.260
0.147
0.570
0.596
0.801
0.535
0.568
0.288
0.109
0.33
0.216
0.8
0.872
0.202
0.879
0.205
0.498
0.247
0.380
0.159
0.142
0.227
0.363
0.512
0.276
0.491
0.356
0.125
0.303
0.135
0.683
0.383
0.493
0.110
0.633
0.860
0.119
0.299
0.194
0.706
0.592
0.472
0.301
0.763
0.81
0.453
0.448
0.942
0.661
0.592
0.101
0.217
0.937
0.122
0.734
0.351
0.275
0.441
0.525
0.411
0.680
0.572
0.520
0.156
0.276
0.940
0.186
0.622
0.137
0.961
0.242
0.363
0.797
0.362
0.278
0.92
0.802
0.184
0.964
0.34
0.174
0.934
0.986
0.360
0.470
0.120
0.365
0.964
0.950
0.817
0.830
0.190
0.326
0.875
0.296
0.379
0.107
0.817
0.904
0.865
0.728
0.571
0.958
0.147
0.237
0.504
0.531
0.404
0.154
0.504
0.327
0.904
0.17
0.578
0.38
0.124
0.429
0.653
0.227
0.429
0.127
0.124
0.370
0.426
0.931
0.834
0.398
0.280
0.350
0.300
0.377
0.796
0.751
0.389
0.825
0.358
0.180
0.404
0.845
0.805
0.845
0.56
0.2
0.840
0.808
0.872
0.16
0.685
0.586
0.85
0.222
0.866
0.858
0.490
0.887
0.386
0.274
0.767
0.260
0.933
0.994
0.199
0.743
0.415
0.941
0.922
0.730
0.159
0.847
0.247
0.721
0.261
0.391
0.202
0.747
0.695
0.13
0.305
0.80
0.296
0.473
0.151
0.378
0.9
0.647
0.130
0.904
0.982
0.734
0.602
0.687
0.39
0.76
0.318
0.55
0.351
0.939
0.541
0.612
0.38
0.298
0.817
0.618
0.844
0.203
0.854
0.727
0.303
0.131
0.33
0.414
0.584
0.806
0.291
0.714
0.348
0.291
0.264
0.796
0.795
0.460
0.202
0.654
0.435
0.644
0.84
0.601
0.179
0.624
0.485
0.937
0.728
0.484
0.512
0.59
0.297
0.552
0.392
0.368
0.176
0.390
0.855
0.488
0.654
0.101
0.760
0.649
0.882
0.570
0.103
0.901
0.653
0.352
0.417
0.597
0.797
0.463
0.955
0.757
0.569
0.479
0.111
0.183
0.231
0.17
0.207
0.810
0.788
0.730
0.441
0.39
0.705
0.695
0.329
0.208
0.903
0.820
0.192
0.225
0.150
0.980
0.482
0.585
0.786
0.912
0.596
0.253
0.128
0.581
0.454
0.191
0.696
0.366
0.715
0.233
0.252
0.910
0.821
0.922
0.186
0.550
0.613
0.642
0.988
0.737
0.275
0.105
0.650
0.454
0.344
0.373
0.764
0.218
0.665
0.885
0.601
0.972
0.591
0.504
0.119
0.465
0.68
0.237
0.147
0.750
0.16
0.811
0.681
0.624
0.602
0.370
0.347
0.167
0.420
0.930
0.513
0.183
0.526
0.210
0.683
0.763
0.280
0.132
0.513
0.707
0.969
0.113
0.930
0.740
0.727
0.387
0.80
0.118
0.620
0.536
0.563
0.717
0.250
0.292
0.131
0.685
0.790
0.977
0.927
0.307
0.388
0.674
0.151
0.802
0.501
0.326
0.65
0.937
0.82
0.575
0.522
0.615
0.176
0.411
0.438
0.80
0.266
0.277
0.508
0.896
0.173
0.130
0.189
0.591
0.743
0.449
0.19
0.733
0.353
0.354
0.476
0.287
0.869
0.270
0.997
0.791
0.742
0.418
0.158
0.711
0.645
0.133
0.178
0.752
0.811
0.760
0.807
0.320
0.612
0.94
0.294
0.4
0.867
0.823
0.118
0.975
0.834
0.431
0.45
0.688
0.686
0.876
0.396
0.597
0.389
0.747
0.188
0.384
0.59
0.900
0.573
0.616
0.9
0.338
0.368
0.302
0.988
0.185
0.681
0.501
0.362
0.98
0.932
0.426
0.899
0.424
0.50
0.566
0.886
0.612
0.215
0.562
0.338
0.708
0.946
0.97
0.623
0.722
0.995
0.912
0.700
0.130
0.453
0.686
0.557
0.545
0.275
0.764
0.766
0.701
0.323
0.651
0.914
0.723
0.987
0.559
0.148
0.457
0.781
0.928
0.658
0.555
0.476
0.10
0.897
0.832
0.55
0.560
0.199
0.703
0.107
0.5
0.467
0.960
0.84
0.67
0.477
0.398
0.1
0.199
0.791
0.323
0.606
0.891
0.501
0.112
0.238
0.546
0.989
0.100
0.478
0.949
0.59
0.292
0.588
0.857
0.997
0.97
0.323
0.148
0.253
0.404
0.522
0.378
0.757
0.240
0.70
0.883
0.563
0.205
0.847
0.721
0.486
0.322
0.162
0.255
0.821
0.42
0.638
0.58
0.888
0.275
0.50
0.407
0.631
0.391
0.76
0.71
0.806
0.246
0.567
0.510
0.764
0.881
0.352
0.463
0.108
0.72
0.993
0.702
0.603
0.506
0.371
0.907
0.301
0.32
0.19
0.205
0.290
0.686
0.709
0.150
0.17
0.155
0.742
0.577
0.908
0.875
0.519
0.392
0.844
0.930
0.541
0.771
0.341
0.652
0.775
0.762
0.53
0.105
0.882
0.823
0.339
0.421
0.784
0.706
0.615
0.646
0.769
0.323
0.247
0.262
0.506
0.113
0.978
0.542
0.164
0.219
0.974
0.193
0.627
0.606
0.284
0.513
0.809
0.386
0.738
0.779
0.835
0.314
0.223
0.415
0.414
0.221
0.692
0.341
0.112
0.420
0.468
0.557
0.870
0.838
0.685
0.991
0.497
0.425
0.691
0.932
0.541
0.853
0.358
0.530
0.899
0.695
0.996
0.774
0.897
0.922
0.316
0.700
0.505
0.993
0.50
0.276
0.765
0.103
0.11
0.110
0.170
0.274
0.991
0.752
0.480
0.944
0.237
0.955
0.983
0.850
0.462
0.346
0.746
0.209
0.478
0.750
0.507
0.433
0.544
0.421
0.724
0.488
0.597
0.902
0.943
0.627
0.134
0.222
0.583
0.945
0.540
0.235
0.765
0.729
0.631
0.561
0.545
0.230
0.417
0.59
0.686
0.221
0.955
0.381
0.705
0.735
0.946
0.700
0.706
0.194
0.715
0.384
0.16
0.696
0.535
0.759
0.70
0.700
0.113
0.877
0.531
0.825
0.519
0.48
0.986
0.484
0.139
0.83
0.820
0.999
0.736
0.392
0.523
0.208
0.694
0.948
0.231
0.207
0.328
0.253
0.997
0.941
0.113
0.446
0.282
0.894
0.845
0.404
0.478
0.107
0.925
0.701
0.928
0.420
0.934
0.793
0.390
0.719
0.198
0.300
0.656
0.540
0.653
0.260
0.699
0.163
0.137
0.605
0.376
0.517
0.184
0.872
0.953
0.213
0.407
0.42
0.727
0.327
0.395
0.578
0.932
0.457
0.831
0.348
0.105
0.295
0.31
0.699
0.986
0.651
0.857
0.234
0.183
0.284
0.385
0.823
0.526
0.97
0.409
0.342
0.684
0.621
0.749
0.50
0.107
0.680
0.489
0.161
0.492
0.470
0.911
0.835
0.573
0.768
0.947
0.470
0.780
0.489
0.587
0.925
0.883
0.736
0.546
0.513
0.426
0.691
0.539
0.486
0.148
0.5
0.443
0.822
0.150
0.471
0.336
0.127
0.47
0.796
0.992
0.662
0.778
0.668
0.494
0.181
0.281
0.30
0.202
0.354
0.369
0.899
0.713
0.765
0.408
0.977
0.325
0.613
0.44
0.89
0.961
0.850
0.46
0.934
0.169
0.408
0.419
0.314
0.477
0.726
0.243
0.721
0.549
0.164
0.357
0.180
0.379
0.558
0.467
0.747
0.245
0.137
0.901
0.649
0.412
0.810
0.257
0.979
0.838
0.857
0.450
0.797
0.615
0.356
0.911
0.418
0.117
0.281
0.599
0.910
0.719
0.760
0.809
0.917
0.532
0.927
0.726
0.946
0.210
0.627
0.758
0.864
0.171
0.765
0.72
0.878
0.782
0.740
0.997
0.307
0.517
0.405
0.396
0.221
0.221
0.953
0.164
0.598
0.849
0.667
0.28
0.36
0.702
0.81
0.41
0.423
0.431
0.770
0.617
0.880
0.354
0.360
0.804
0.443
0.101
0.384
0.208
0.230
0.604
0.787
0.135
0.653
0.242
0.407
0.141
0.863
0.971
0.162
0.807
0.820
0.446
0.404
0.68
0.68
0.478
0.227
0.758
0.822
0.302
0.849
0.937
0.297
0.871
0.942
0.337
0.692
0.572
0.535
0.715
0.262
0.812
0.268
0.94
0.250
0.838
0.897
0.834
0.279
0.613
0.165
0.210
0.147
0.728
0.991
0.502
0.200
0.976
0.599
0.439
0.215
0.697
0.952
0.894
0.441
0.455
0.30
0.78
0.879
0.285
0.977
0.480
0.538
0.219
0.4
0.118
0.152
0.829
0.789
0.765
0.279
0.657
0.364
0.434
0.301
0.183
0.950
0.422
0.826
0.806
0.12
0.877
0.586
0.472
0.795
0.980
0.17
0.742
0.236
0.592
0.758
0.955
0.466
0.315
0.960
0.895
0.824
0.119
0.78
0.564
0.970
0.347
0.256
0.274
0.747
0.558
0.871
0.16
0.272
0.172
0.859
0.175
0.708
0.244
0.780
0.196
0.576
0.59
0.357
0.382
0.60
0.647
0.253
0.423
0.455
0.684
0.3
0.424
0.876
0.250
0.436
0.809
0.559
0.380
0.713
0.864
0.169
0.899
0.188
0.339
0.912
0.727
0.268
0.705
0.74
0.309
0.239
0.909
0.49
0.753
0.611
0.629
0.599
0.439
0.819
0.739
0.56
0.961
0.837
0.23
0.906
0.427
0.946
0.880
0.548
0.18
0.825
0.709
0.738
0.677
0.842
0.115
0.242
0.469
0.370
0.408
0.172
0.752
0.114
0.68
0.472
0.169
0.555
0.453
0.800
0.453
0.292
0.260
0.994
0.664
0.940
0.636
0.58
0.38
0.84
0.278
0.603
0.773
0.297
0.79
0.28
0.870
0.565
0.431
0.111
0.96
0.718
0.162
0.603
0.196
0.267
0.291
0.645
0.533
0.358
0.215
0.932
0.295
0.148
0.450
0.675
0.771
0.963
0.380
0.222
0.498
0.832
0.450
0.387
0.603
0.946
0.497
0.968
0.702
0.516
0.977
0.723
0.1
0.250
0.910
0.982
0.556
0.177
0.10
0.452
0.984
0.42
0.284
0.173
0.570
0.677
0.331
0.440
0.971
0.644
0.968
0.304
0.553
0.509
0.118
0.722
0.628
0.577
0.131
0.249
0.279
0.160
0.757
0.700
0.50
0.382
0.443
0.912
0.743
0.609
0.794
0.99
0.157
0.402
0.220
0.206
0.776
0.386
0.187
0.253
0.916
0.347
0.472
0.900
0.986
0.483
0.740
0.884
0.182
0.206
0.462
0.152
0.518
0.258
0.806
0.759
0.859
0.360
0.382
0.370
0.57
0.981
0.470
0.779
0.466
0.433
0.112
0.902
0.378
0.178
0.444
0.104
0.837
0.707
0.727
0.592
0.963
0.501
0.707
0.100
0.611
0.73
0.143
0.461
0.599
0.689
0.784
0.142
0.277
0.221
0.407
0.224
0.996
0.979
0.928
0.239
0.250
0.190
0.195
0.42
0.12
0.73
0.135
0.262
0.632
0.3
0.234
0.76
0.924
0.649
0.200
0.1
0.809
0.899
0.329
0.700
0.988
0.276
0.63
0.831
0.596
0.363
0.36
0.234
0.608
0.655
0.403
0.389
0.674
0.160
0.111
0.165
0.440
0.951
0.370
0.583
0.495
0.324
0.766
0.968
0.748
0.170
0.582
0.412
0.259
0.91
0.208
0.54
0.593
0.121
0.4
0.135
0.908
0.707
0.871
0.180
0.435
0.437
0.946
0.941
0.653
0.548
0.924
0.159
0.97
0.24
0.302
0.981
0.948
0.526
0.334
0.728
0.797
0.533
0.818
0.865
0.143
0.309
0.733
0.47
0.588
0.543
0.258
0.275
0.348
0.71
0.376
0.512
0.804
0.18
0.144
0.54
0.511
0.723
0.366
0.947
0.607
0.965
0.981
0.75
0.24
0.183
0.788
0.964
0.921
0.449
0.830
0.93
0.764
0.904
0.542
0.996
0.270
0.581
0.171
0.311
0.159
0.127
0.441
0.419
0.585
0.11
0.928
0.562
0.262
0.382
0.963
0.285
0.724
0.46
0.687
0.119
0.809
0.504
0.648
0.371
0.503
0.398
0.951
0.56
0.203
0.66
0.887
0.123
0.887
0.396
0.115
0.649
0.741
0.809
0.379
0.692
0.565
0.277
0.206
0.123
0.651
0.116
0.521
0.809
0.70
0.455
0.958
0.878
0.117
0.73
0.7
0.648
0.355
0.639
0.596
0.368
0.324
0.288
0.980
0.768
0.487
0.274
0.524
0.51
0.315
0.707
0.719
0.352
0.679
0.560
0.854
0.848
0.702
0.278
0.615
0.518
0.756
0.741
0.940
0.887
0.29
0.801
0.56
0.445
0.842
0.83
0.686
0.277
0.721
0.796
0.530
0.335
0.113
0.641
0.13
0.810
0.583
0.458
0.800
0.3
0.268
0.60
0.29
0.671
0.752
0.888
0.265
0.243
0.693
0.830
0.480
0.886
0.564
0.968
0.671
0.760
0.89
0.407
0.510
0.940
0.587
0.118
0.8
0.703
0.430
0.949
0.903
0.764
0.65
0.126
0.473
0.980
0.292
0.752
0.326
0.122
0.309
0.359
0.115
0.240
0.126
0.412
0.625
0.332
0.78
0.295
0.119
0.254
0.902
0.782
0.857
0.333
0.895
0.138
0.698
0.345
0.241
0.21
0.995
0.7
0.995
0.782
0.589
0.498
0.794
0.33
0.125
0.648
0.969
0.415
0.602
0.260
0.112
0.919
0.280
0.224
0.51
0.255
0.271
0.272
0.769
0.790
0.464
0.249
0.650
0.185
0.637
0.198
0.896
0.853
0.563
0.616
0.827
0.42
0.641
0.992
0.413
0.961
0.615
0.307
0.317
0.609
0.861
0.788
0.535
0.481
0.193
0.414
0.346
0.489
0.720
0.949
0.746
0.873
0.784
0.84
0.592
0.173
0.660
0.885
0.355
0.760
0.49
0.527
0.378
0.430
0.170
0.31
0.630
0.153
0.567
0.775
0.444
0.925
0.832
0.305
0.900
0.990
0.985
0.569
0.692
0.252
0.346
0.913
0.435
0.256
0.909
0.363
0.725
0.627
0.429
0.824
0.331
0.714
0.627
0.105
0.771
0.789
0.429
0.78
0.54
0.74
0.223
0.770
0.92
0.554
0.150
0.703
0.814
0.189
0.968
0.634
0.952
0.672
0.712
0.929
0.759
0.397
0.449
0.140
0.978
0.482
0.112
0.998
0.733
0.482
0.709
0.540
0.182
0.181
0.215
0.668
0.240
0.408
0.305
0.631
0.555
0.626
0.272
0.303
0.105
0.788
0.268
0.584
0.955
0.257
0.41
0.649
0.308
0.722
0.487
0.359
0.31
0.551
0.235
0.114
0.965
0.852
0.108
0.736
0.941
0.942
0.94
0.372
0.979
0.565
0.243
0.310
0.857
0.673
0.568
0.823
0.561
0.868
0.414
0.991
0.267
0.837
0.332
0.605
0.527
0.293
0.436
0.463
0.170
0.828
0.988
0.869
0.627
0.546
0.487
0.232
0.322
0.124
0.994
0.262
0.577
0.711
0.151
0.281
0.320
0.979
0.874
0.107
0.404
0.629
0.282
0.948
0.117
0.148
0.175
0.639
0.510
0.10
0.760
0.732
0.127
0.310
0.616
0.560
0.914
0.758
0.916
0.856
0.561
0.50
0.971
0.484
0.993
0.865
0.606
0.787
0.395
0.853
0.185
0.741
0.971
0.23
0.762
0.409
0.485
0.789
0.250
0.358
0.829
0.537
0.151
0.942
0.353
0.712
0.614
0.269
0.729
0.315
0.794
0.75
0.403
0.816
0.416
0.600
0.170
0.18
0.565
0.537
0.452
0.553
0.951
0.30
0.302
0.572
0.717
0.311
0.787
0.847
0.705
0.309
0.101
0.798
0.435
0.710
0.634
0.37
0.750
0.790
0.275
0.304
0.852
0.963
0.127
0.601
0.310
0.205
0.851
0.477
0.235
0.847
0.363
0.262
0.89
0.998
0.127
0.850
0.446
0.134
0.69
0.744
0.750
0.886
0.138
0.873
0.80
0.917
0.294
0.878
0.114
0.330
0.80
0.175
0.336
0.798
0.183
0.464
0.92
0.530
0.130
0.960
0.273
0.790
0.612
0.710
0.152
0.888
0.993
0.402
0.838
0.765
0.555
0.401
0.193
0.95
0.531
0.74
0.244
0.435
0.8
0.624
0.234
0.887
0.96
0.825
0.183
0.644
0.981
0.333
0.413
0.860
0.419
0.367
0.352
0.677
0.329
0.2
0.583
0.401
0.156
0.247
0.179
0.677
0.514
0.950
0.520
0.744
0.631
0.587
0.464
0.422
0.562
0.145
0.660
0.23
0.158
0.406
0.582
0.468
0.717
0.804
0.259
0.81
0.133
0.822
0.786
0.953
0.290
0.903
0.524
0.887
0.714
0.248
0.411
0.548
0.154
0.964
0.627
0.674
0.338
0.415
0.834
0.170
0.877
0.387
0.15
0.845
0.917
0.285
0.497
0.133
0.814
0.824
0.920
0.972
0.127
0.181
0.229
0.782
0.248
0.871
0.172
0.422
0.88
0.32
0.41
0.990
0.87
0.352
0.611
0.667
0.568
0.400
0.640
0.579
0.636
0.442
0.806
0.862
0.298
0.647
0.792
0.589
0.673
0.219
0.486
0.219
0.802
0.984
0.552
0.679
0.906
0.91
0.257
0.119
0.898
0.701
0.306
0.469
0.760
0.768
0.986
0.492
0.630
0.482
0.391
0.439
0.302
0.420
0.697
0.505
0.926
0.141
0.184
0.701
0.660
0.844
0.684
0.268
0.351
0.708
0.890
0.519
0.393
0.715
0.664
0.999
0.183
0.127
0.703
0.228
0.486
0.323
0.947
0.128
0.588
0.1
0.268
0.50
0.731
0.957
0.386
0.542
0.763
0.386
0.615
0.117
0.27
0.56
0.757
0.705
0.744
0.968
0.806
0.847
0.112
0.681
0.408
0.713
0.804
0.783
0.435
0.320
0.672
0.189
0.364
0.822
0.340
0.908
0.71
0.486
0.396
0.781
0.182
0.580
0.655
0.581
0.293
0.536
0.223
0.503
0.12
0.255
0.398
0.655
0.846
0.721
0.865
0.584
0.554
0.336
0.223
0.191
0.203
0.812
0.264
0.41
0.917
0.138
0.225
0.336
0.788
0.138
0.453
0.384
0.787
0.140
0.826
0.11
0.10
0.388
0.458
0.926
0.582
0.674
0.123
0.330
0.65
0.966
0.800
0.680
0.79
0.376
0.661
0.635
0.296
0.99
0.426
0.496
0.586
0.758
0.687
0.717
0.444
0.873
0.401
0.935
0.260
0.652
0.377
0.69
0.715
0.334
0.51
0.694
0.525
0.456
0.594
0.873
0.679
0.316
0.636
0.155
0.524
0.611
0.439
0.446
0.957
0.234
0.154
0.232
0.153
0.672
0.434
0.188
0.78
0.352
0.197
0.572
0.952
0.525
0.951
0.446
0.67
0.578
0.626
0.545
0.776
0.148
0.296
0.295
0.199
0.916
0.108
0.512
0.524
0.651
0.704
0.203
0.933
0.977
0.233
0.136
0.698
0.635
0.115
0.768
0.774
0.299
0.998
0.599
0.465
0.90
0.534
0.16
0.375
0.247
0.310
0.95
0.395
0.296
0.80
0.516
0.306
0.738
0.368
0.521
0.823
0.312
0.413
0.479
0.200
0.338
0.999
0.140
0.324
0.856
0.364
0.321
0.171
0.276
0.21
0.859
0.310
0.656
0.484
0.846
0.203
0.871
0.93
0.135
0.880
0.701
0.958
0.979
0.303
0.125
0.777
0.247
0.209
0.196
0.538
0.707
0.359
0.236
0.309
0.337
0.507
0.46
0.982
0.130
0.836
0.181
0.995
0.849
0.693
0.970
0.689
0.164
0.295
0.256
0.140
0.108
0.3
0.633
0.674
0.36
0.697
0.838
0.851
0.867
0.358
0.128
0.332
0.935
0.986
0.534
0.495
0.250
0.46
0.242
0.7
0.245
0.348
0.518
0.864
0.524
0.950
0.830
0.94
0.743
0.839
0.396
0.121
0.371
0.351
0.979
0.225
0.100
0.619
0.192
0.503
0.342
0.768
0.175
0.790
0.674
0.613
0.889
0.560
0.811
0.367
0.203
0.149
0.61
0.16
0.260
0.534
0.324
0.721
0.102
0.121
0.618
0.24
0.83
0.397
0.339
0.641
0.734
0.504
0.559
0.556
0.492
0.924
0.824
0.426
0.54
0.350
0.34
0.476
0.40
0.895
0.317
0.779
0.792
0.561
0.184
0.121
0.870
0.423
0.408
0.934
0.931
0.566
0.894
0.914
0.739
0.258
0.260
0.210
0.476
0.165
0.6
0.895
0.351
0.369
0.780
0.341
0.295
0.890
0.318
0.314
0.380
0.293
0.302
0.769
0.918
0.844
0.68
0.684
0.920
0.643
0.115
0.902
0.999
0.92
0.904
0.723
0.213
0.111
0.823
0.827
0.736
0.795
0.562
0.241
0.987
0.545
0.653
0.768
0.198
0.713
0.380
0.709
0.455
0.467
0.692
0.702
0.684
0.272
0.900
0.861
0.991
0.316
0.170
0.814
0.180
0.720
0.282
0.280
0.143
0.290
0.87
0.290
0.761
0.432
0.872
0.156
0.809
0.365
0.485
0.174
0.771
0.61
0.776
0.856
0.661
0.302
0.257
0.604
0.289
0.9
0.104
0.254
0.686
0.71
0.236
0.421
0.602
0.85
0.415
0.777
0.146
0.822
0.163
0.511
0.938
0.246
0.69
0.51
0.785
0.940
0.1
0.531
0.834
0.85
0.613
0.158
0.600
0.411
0.107
0.424
0.915
0.852
0.602
0.696
0.378
0.539
0.940
0.538
0.200
0.24
0.300
0.991
0.281
0.563
0.290
0.552
0.539
0.903
0.954
0.134
0.944
0.355
0.608
0.637
0.465
0.67
0.195
0.8
0.28
0.423
0.214
0.128
0.650
0.473
0.267
0.68
0.498
0.580
0.12
0.519
0.137
0.913
0.617
0.854
0.847
0.327
0.273
0.654
0.878
0.259
0.144
0.962
0.952
0.570
0.922
0.321
0.338
0.729
0.533
0.640
0.701
0.743
0.310
0.947
0.201
0.225
0.66
0.845
0.268
0.238
0.627
0.522
0.489
0.459
0.321
0.985
0.97
0.285
0.626
0.934
0.563
0.71
0.118
0.608
0.789
0.837
0.918
0.944
0.386
0.431
0.169
0.393
0.549
0.611
0.966
0.647
0.466
0.531
0.166
0.727
0.587
0.65
0.332
0.696
0.617
0.419
0.54
0.783
0.304
0.544
0.802
0.151
0.981
0.348
0.497
0.276
0.436
0.851
0.997
0.538
0.734
0.230
0.965
0.629
0.399
0.711
0.566
0.432
0.206
0.59
0.119
0.478
0.45
0.265
0.149
0.285
0.656
0.205
0.442
0.601
0.706
0.774
0.747
0.324
0.652
0.969
0.183
0.582
0.859
0.664
0.346
0.151
0.895
0.865
0.489
0.588
0.651
0.140
0.619
0.164
0.522
0.432
0.591
0.14
0.68
0.130
0.997
0.649
0.350
0.672
0.113
0.379
0.155
0.396
0.386
0.932
0.12
0.75
0.128
0.945
0.276
0.808
0.971
0.3
0.482
0.155
0.998
0.899
0.850
0.460
0.946
0.486
0.351
0.791
0.158
0.986
0.609
0.233
0.198
0.220
0.342
0.160
0.798
0.186
0.907
0.181
0.371
0.900
0.253
0.601
0.266
0.986
0.342
0.817
0.402
0.312
0.191
0.31
0.164
0.610
0.230
0.130
0.181
0.814
0.155
0.67
0.769
0.27
0.704
0.386
0.166
0.305
0.78
0.48
0.258
0.516
0.825
0.682
0.594
0.914
0.480
0.469
0.864
0.274
0.68
0.84
0.545
0.532
0.396
0.983
0.229
0.9
0.824
0.536
0.866
0.407
0.503
0.316
0.588
0.675
0.964
0.979
0.801
0.861
0.343
0.859
0.429
0.602
0.771
0.494
0.754
0.24
0.111
0.416
0.787
0.989
0.269
0.20
0.470
0.728
0.98
0.147
0.54
0.348
0.134
0.669
0.358
0.455
0.436
0.720
0.75
0.302
0.485
0.995
0.2
0.55
0.993
0.757
0.460
0.751
0.440
0.375
0.158
0.524
0.912
0.91
0.142
0.427
0.873
0.927
0.382
0.239
0.564
0.379
0.231
0.557
0.35
0.545
0.61
0.602
0.543
0.577
0.947
0.760
0.324
0.614
0.457
0.50
0.983
0.986
0.731
0.99
0.961
0.437
0.754
0.737
0.174
0.567
0.368
0.581
0.100
0.94
0.540
0.887
0.844
0.342
0.902
0.848
0.872
0.190
0.451
0.780
0.114
0.81
0.843
0.439
0.564
0.812
0.150
0.751
0.306
0.865
0.31
0.151
0.755
0.398
0.799
0.748
0.415
0.193
0.501
0.251
0.912
0.422
0.583
0.281
0.174
0.280
0.203
0.613
0.416
0.640
0.295
0.743
0.743
0.331
0.692
0.742
0.538
0.453
0.513
0.453
0.909
0.810
0.996
0.347
0.397
0.579
0.791
0.649
0.89
0.619
0.115
0.89
0.690
0.985
0.546
0.664
0.248
0.360
0.480
0.524
0.775
0.392
0.409
0.727
0.558
0.976
0.701
0.186
0.33
0.565
0.964
0.337
0.98
0.815
0.490
0.51
0.696
0.691
0.334
0.521
0.278
0.431
0.902
0.849
0.5
0.254
0.195
0.735
0.134
0.392
0.179
0.165
0.206
0.417
0.227
0.416
0.976
0.984
0.442
0.534
0.339
0.479
0.807
0.438
0.880
0.50
0.794
0.940
0.195
0.142
0.279
0.853
0.577
0.603
0.459
0.680
0.442
0.161
0.360
0.103
0.330
0.743
0.27
0.641
0.495
0.116
0.823
0.889
0.549
0.427
0.450
0.9
0.345
0.132
0.851
0.993
0.659
0.567
0.932
0.2
0.863
0.655
0.418
0.831
0.267
0.63
0.157
0.417
0.329
0.29
0.478
0.940
0.343
0.119
0.679
0.388
0.102
0.598
0.521
0.405
0.689
0.461
0.218
0.243
0.823
0.218
0.678
0.240
0.591
0.807
0.723
0.318
0.266
0.504
0.484
0.506
0.370
0.752
0.416
0.639
0.477
0.460
0.187
0.414
0.448
0.222
0.156
0.532
0.334
0.419
0.981
0.813
0.24
0.492
0.517
0.477
0.6
0.905
0.712
0.914
0.204
0.15
0.128
0.637
0.121
0.564
0.875
0.129
0.331
0.704
0.581
0.497
0.371
0.826
0.374
0.860
0.963
0.555
0.534
0.551
0.322
0.841
0.925
0.723
0.96
0.680
0.72
0.959
0.108
0.443
0.40
0.19
0.122
0.857
0.283
0.212
0.916
0.846
0.133
0.695
0.560
0.476
0.705
0.175
0.665
0.354
0.514
0.398
0.417
0.338
0.298
0.869
0.747
0.488
0.858
0.919
0.199
0.875
0.458
0.627
0.193
0.97
0.71
0.704
0.404
0.429
0.828
0.531
0.644
0.953
0.299
0.919
0.711
0.994
0.568
0.671
0.578
0.436
0.345
0.730
0.867
0.263
0.483
0.58
0.302
0.505
0.306
0.512
0.3
0.842
0.615
0.818
0.657
0.876
0.61
0.362
0.655
0.724
0.773
0.806
0.379
0.85
0.511
0.489
0.282
0.74
0.886
0.64
0.618
0.405
0.102
0.916
0.225
0.494
0.679
0.816
0.273
0.233
0.69
0.413
0.225
0.698
0.131
0.743
0.700
0.925
0.843
0.899
0.173
0.961
0.536
0.898
0.46
0.444
0.704
0.462
0.429
0.856
0.126
0.742
0.93
0.341
0.335
0.747
0.754
0.35
0.956
0.693
0.767
0.84
0.124
0.226
0.149
0.651
0.366
0.252
0.77
0.938
0.404
0.770
0.776
0.234
0.362
0.391
0.340
0.946
0.815
0.535
0.188
0.182
0.194
0.764
0.42
0.481
0.913
0.154
0.609
0.2
0.382
0.434
0.661
0.27
0.972
0.71
0.377
0.8
0.36
0.196
0.37
0.956
0.583
0.221
0.498
0.692
0.607
0.725
0.413
0.465
0.489
0.784
0.596
0.797
0.866
0.826
0.718
0.189
0.453
0.994
0.176
0.165
0.605
0.96
0.980
0.627
0.259
0.453
0.908
0.439
0.738
0.355
0.794
0.83
0.746
0.295
0.359
0.49
0.505
0.209
0.796
0.379
0.350
0.852
0.608
0.255
0.332
0.934
0.799
0.90
0.589
0.782
0.460
0.284
0.937
0.508
0.310
0.179
0.261
0.40
0.577
0.453
0.818
0.427
0.68
0.410
0.513
0.113
0.25
0.761
0.373
0.756
0.321
0.715
0.462
0.184
0.221
0.222
0.695
0.452
0.405
0.192
0.684
0.873
0.982
0.17
0.811
0.178
0.672
0.438
0.897
0.7
0.853
0.589
0.630
0.550
0.825
0.732
0.768
0.870
0.999
0.981
0.74
0.608
0.219
0.235
0.157
0.697
0.669
0.860
0.173
0.449
0.491
0.660
0.671
0.68
0.400
0.264
0.314
0.468
0.780
0.922
0.303
0.315
0.26
0.177
0.904
0.495
0.781
0.959
0.582
0.266
0.452
0.12
0.574
0.217
0.299
0.994
0.248
0.131
0.793
0.401
0.263
0.915
0.704
0.162
0.753
0.639
0.355
0.129
0.508
0.675
0.528
0.114
0.548
0.591
0.876
0.119
0.11
0.349
0.564
0.456
0.557
0.601
0.442
0.149
0.752
0.866
0.367
0.315
0.59
0.484
0.244
0.293
0.868
0.73
0.653
0.373
0.242
0.607
0.967
0.774
0.982
0.529
0.480
0.986
0.842
0.642
0.699
0.737
0.821
0.270
0.425
0.246
0.780
0.955
0.437
0.607
0.47
0.148
0.810
0.97
0.891
0.643
0.689
0.817
0.929
0.543
0.583
0.91
0.283
0.886
0.787
0.272
0.231
0.873
0.434
0.337
0.243
0.194
0.368
0.398
0.962
0.573
0.687
0.613
0.961
0.531
0.506
0.613
0.25
0.138
0.497
0.9
0.22
0.477
0.718
0.579
0.714
0.97
0.344
0.270
0.823
0.969
0.558
0.798
0.541
0.983
0.287
0.814
0.656
0.711
0.440
0.359
0.67
0.959
0.251
0.665
0.879
0.977
0.105
0.396
0.443
0.793
0.180
0.124
0.241
0.949
0.686
0.351
0.226
0.721
0.922
0.279
0.657
0.453
0.20
0.208
0.884
0.815
0.928
0.189
0.704
0.367
0.772
0.489
0.180
0.973
0.909
0.983
0.142
0.159
0.146
0.813
0.816
0.187
0.319
0.252
0.915
0.789
0.730
0.130
0.831
0.750
0.987
0.619
0.170
0.609
0.316
0.349
0.612
0.705
0.83
0.523
0.163
0.26
0.543
0.810
0.465
0.332
0.384
0.37
0.427
0.61
0.967
0.358
0.142
0.240
0.289
0.363
0.724
0.902
0.980
0.767
0.343
0.489
0.893
0.905
0.713
0.635
0.391
0.121
0.675
0.345
0.646
0.335
0.398
0.156
0.202
0.726
0.640
0.550
0.39
0.750
0.387
0.410
0.729
0.32
0.105
0.37
0.142
0.217
0.648
0.153
0.338
0.525
0.743
0.554
0.363
0.861
0.614
0.312
0.800
0.166
0.51
0.555
0.979
0.185
0.269
0.161
0.51
0.820
0.891
0.36
0.785
0.74
0.686
0.59
0.895
0.203
0.33
0.698
0.496
0.588
0.341
0.462
0.122
0.792
0.823
0.455
0.251
0.355
0.46
0.444
0.591
0.404
0.339
0.216
0.973
0.601
0.476
0.183
0.478
0.805
0.120
0.354
0.798
0.785
0.184
0.865
0.229
0.561
0.397
0.965
0.404
0.529
0.49
0.407
0.540
0.539
0.853
0.512
0.667
0.807
0.975
0.612
0.802
0.283
0.793
0.90
0.189
0.411
0.652
0.479
0.314
0.808
0.840
0.640
0.738
0.259
0.596
0.352
0.639
0.233
0.634
0.581
0.20
0.13
0.209
0.945
0.641
0.33
0.717
0.32
0.107
0.857
0.861
0.122
0.868
0.60
0.119
0.564
0.887
0.346
0.866
0.9
0.72
0.201
0.95
0.183
0.359
0.711
0.455
0.359
0.640
0.760
0.734
0.56
0.371
0.841
0.752
0.214
0.440
0.789
0.801
0.21
0.433
0.995
0.729
0.152
0.854
0.494
0.830
0.373
0.348
0.111
0.736
0.762
0.594
0.404
0.168
0.651
0.760
0.528
0.974
0.181
0.15
0.152
0.995
0.297
0.645
0.589
0.998
0.834
0.41
0.25
0.557
0.25
0.209
0.400
0.701
0.175
0.450
0.939
0.684
0.393
0.786
0.218
0.273
0.366
0.241
0.141
0.574
0.674
0.797
0.458
0.588
0.304
0.607
0.625
0.360
0.198
0.868
0.628
0.621
0.89
0.220
0.95
0.917
0.811
0.804
0.52
0.210
0.600
0.805
0.630
0.243
0.261
0.846
0.151
0.628
0.315
0.914
0.383
0.81
0.655
0.121
0.599
0.797
0.270
0.712
0.655
0.409
0.45
0.603
0.88
0.590
0.91
0.782
0.502
0.20
0.838
0.9
0.583
0.500
0.792
0.952
0.425
0.992
0.566
0.239
0.856
0.599
0.194
0.673
0.443
0.544
0.273
0.53
0.110
0.169
0.523
0.263
0.265
0.611
0.942
0.673
0.826
0.325
0.472
0.228
0.938
0.809
0.584
0.172
0.852
0.327
0.888
0.777
0.570
0.182
0.54
0.283
0.135
0.155
0.547
0.345
0.801
0.887
0.788
0.534
0.189
0.30
0.363
0.252
0.948
0.333
0.564
0.120
0.177
0.954
0.760
0.554
0.756
0.888
0.629
0.493
0.593
0.740
0.412
0.289
0.419
0.733
0.475
0.462
0.917
0.380
0.887
0.713
0.117
0.66
0.845
0.162
0.430
0.784
0.531
0.144
0.998
0.827
0.412
0.352
0.665
0.5
0.82
0.587
0.173
0.92
0.86
0.787
0.861
0.47
0.663
0.373
0.118
0.21
0.478
0.174
0.930
0.526
0.398
0.571
0.131
0.285
0.501
0.202
0.105
0.21
0.305
0.434
0.104
0.930
0.341
0.763
0.17
0.843
0.141
0.306
0.842
0.926
0.392
0.145
0.971
0.693
0.284
0.771
0.379
0.830
0.823
0.344
0.50
0.379
0.390
0.22
0.702
0.687
0.491
0.530
0.474
0.998
0.678
0.576
0.979
0.313
0.268
0.61
0.228
0.531
0.546
0.534
0.121
0.785
0.637
0.392
0.246
0.638
0.859
0.751
0.225
0.916
0.21
0.678
0.714
0.452
0.348
0.724
0.587
0.655
0.387
0.524
0.755
0.570
0.552
0.187
0.763
0.69
0.674
0.195
0.122
0.165
0.528
0.124
0.665
0.686
0.53
0.482
0.309
0.591
0.583
0.396
0.960
0.228
0.283
0.546
0.279
0.808
0.69
0.422
0.527
0.817
0.660
0.194
0.740
0.75
0.929
0.840
0.863
0.492
0.693
0.177
0.296
0.672
0.162
0.431
0.143
0.228
0.963
0.532
0.792
0.708
0.908
0.65
0.716
0.656
0.502
0.188
0.213
0.852
0.12
0.903
0.852
0.367
0.477
0.555
0.273
0.347
0.812
0.437
0.400
0.24
0.20
0.649
0.664
0.550
0.122
0.1
0.135
0.908
0.956
0.743
0.234
0.932
0.750
0.604
0.511
0.242
0.417
0.326
0.727
0.644
0.74
0.856
0.947
0.12
0.460
0.597
0.873
0.428
0.617
0.886
0.963
0.964
0.424
0.742
0.527
0.775
0.949
0.158
0.244
0.530
0.141
0.103
0.372
0.971
0.444
0.948
0.724
0.929
0.281
0.781
0.654
0.459
0.927
0.439
0.102
0.985
0.471
0.179
0.743
0.580
0.272
0.561
0.844
0.399
0.750
0.578
0.741
0.491
0.401
0.74
0.521
0.987
0.200
0.661
0.509
0.38
0.54
0.318
0.548
0.246
0.568
0.206
0.15
0.405
0.400
0.190
0.136
0.704
0.862
0.50
0.660
0.704
0.796
0.33
0.972
0.800
0.415
0.891
0.53
0.139
0.784
0.901
0.417
0.464
0.805
0.39
0.238
0.773
0.802
0.580
0.569
0.316
0.541
0.136
0.55
0.357
0.621
0.443
0.952
0.67
0.666
0.144
0.450
0.477
0.949
0.956
0.293
0.106
0.453
0.444
0.275
0.812
0.712
0.958
0.296
0.662
0.496
0.378
0.166
0.138
0.85
0.611
0.473
0.966
0.560
0.589
0.706
0.218
0.983
0.700
0.84
0.668
0.192
0.178
0.114
0.347
0.481
0.721
0.449
0.388
0.910
0.87
0.200
0.336
0.758
0.432
0.50
0.753
0.775
0.222
0.824
0.995
0.329
0.754
0.795
0.979
0.870
0.735
0.303
0.393
0.88
0.881
0.836
0.37
0.181
0.42
0.664
0.397
0.795
0.196
0.961
0.728
0.299
0.216
0.126
0.811
0.359
0.235
0.41
0.286
0.68
0.703
0.544
0.148
0.162
0.684
0.948
0.258
0.33
0.316
0.119
0.128
0.395
0.730
0.64
0.881
0.229
0.212
0.519
0.720
0.747
0.922
0.634
0.954
0.496
0.691
0.982
0.464
0.519
0.416
0.20
0.205
0.573
0.785
0.103
0.963
0.818
0.794
0.744
0.805
0.238
0.272
0.504
0.407
0.351
0.11
0.445
0.972
0.639
0.261
0.42
0.979
0.766
0.220
0.526
0.380
0.870
0.973
0.821
0.17
0.111
0.766
0.169
0.249
0.154
0.977
0.79
0.998
0.946
0.326
0.511
0.711
0.929
0.202
0.284
0.417
0.862
0.316
0.995
0.244
0.704
0.700
0.236
0.622
0.964
0.830
0.739
0.719
0.289
0.177
0.813
0.453
0.974
0.77
0.968
0.433
0.650
0.916
0.376
0.916
0.550
0.899
0.619
0.123
0.888
0.971
0.912
0.580
0.70
0.781
0.656
0.241
0.486
0.581
0.583
0.726
0.770
0.211
0.429
0.940
0.653
0.244
0.134
0.277
0.982
0.983
0.988
0.445
0.978
0.97
0.407
0.731
0.777
0.277
0.51
0.24
0.894
0.204
0.80
0.329
0.187
0.215
0.661
0.684
0.815
0.302
0.217
0.358
0.270
0.956
0.546
0.520
0.831
0.814
0.956
0.100
0.326
0.661
0.965
0.986
0.913
0.423
0.40
0.473
0.873
0.303
0.785
0.906
0.827
0.149
0.750
0.675
0.129
0.989
0.185
0.45
0.175
0.65
0.736
0.439
0.297
0.735
0.806
0.821
0.311
0.362
0.185
0.256
0.595
0.24
0.69
0.545
0.582
0.672
0.733
0.614
0.986
0.214
0.228
0.927
0.57
0.705
0.87
0.169
0.28
0.502
0.205
0.795
0.118
0.129
0.766
0.749
0.109
0.50
0.520
0.893
0.854
0.206
0.896
0.805
0.795
0.205
0.720
0.35
0.212
0.153
0.625
0.967
0.21
0.290
0.798
0.994
0.864
0.560
0.901
0.654
0.554
0.594
0.690
0.294
0.600
0.464
0.189
0.977
0.339
0.416
0.809
0.621
0.783
0.893
0.679
0.707
0.454
0.640
0.654
0.114
0.254
0.807
0.298
0.182
0.927
0.678
0.638
0.535
0.917
0.647
0.96
0.701
0.341
0.707
0.973
0.812
0.644
0.122
0.173
0.757
0.367
0.619
0.779
0.975
0.192
0.811
0.81
0.99
0.538
0.163
0.98
0.581
0.812
0.620
0.536
0.775
0.226
0.309
0.368
0.572
0.894
0.930
0.271
0.492
0.6
0.459
0.493
0.520
0.722
0.921
0.361
0.590
0.877
0.10
0.424
0.626
0.296
0.749
0.949
0.327
0.985
0.957
0.744
0.927
0.482
0.530
0.649
0.798
0.721
0.914
0.134
0.605
0.601
0.641
0.161
0.228
0.245
0.50
0.286
0.286
0.695
0.660
0.851
0.892
0.279
0.414
0.723
0.190
0.759
0.281
0.748
0.922
0.14
0.330
0.921
0.310
0.266
0.65
0.699
0.553
0.806
0.185
0.906
0.947
0.366
0.825
0.846
0.611
0.951
0.185
0.376
0.530
0.109
0.101
0.267
0.68
0.382
0.18
0.520
0.183
0.31
0.105
0.412
0.680
0.453
0.870
0.583
0.450
0.840
0.597
0.214
0.983
0.570
0.302
0.965
0.254
0.721
0.366
0.767
0.61
0.31
0.817
0.768
0.940
0.820
0.572
0.956
0.859
0.857
0.560
0.956
0.337
0.445
0.109
0.815
0.946
0.866
0.69
0.312
0.597
0.687
0.443
0.993
0.359
0.857
0.985
0.552
0.749
0.58
0.442
0.367
0.653
0.110
0.410
0.808
0.21
0.531
0.34
0.552
0.615
0.735
0.105
0.745
0.642
0.432
0.152
0.781
0.281
0.954
0.634
0.888
0.985
0.448
0.76
0.468
0.807
0.171
0.378
0.345
0.486
0.188
0.727
0.600
0.35
0.482
0.646
0.22
0.169
0.143
0.382
0.528
0.413
0.976
0.533
0.41
0.194
0.400
0.331
0.231
0.494
0.541
0.598
0.807
0.11
0.132
0.940
0.303
0.281
0.814
0.346
0.124
0.172
0.552
0.309
0.833
0.638
0.214
0.423
0.12
0.405
0.603
0.918
0.517
0.599
0.726
0.95
0.376
0.1
0.667
0.332
0.190
0.942
0.770
0.211
0.273
0.244
0.361
0.246
0.342
0.257
0.981
0.490
0.396
0.149
0.304
0.950
0.458
0.241
0.770
0.57
0.510
0.974
0.372
0.998
0.134
0.253
0.710
0.743
0.825
0.199
0.189
0.447
0.412
0.59
0.879
0.288
0.12
0.433
0.363
0.362
0.628
0.13
0.258
0.378
0.498
0.657
0.27
0.499
0.488
0.579
0.937
0.712
0.671
0.758
0.480
0.977
0.390
0.589
0.211
0.396
0.53
0.62
0.21
0.32
0.349
0.462
0.223
0.610
0.416
0.524
0.370
0.389
0.275
0.146
0.991
0.20
0.712
0.73
0.419
0.942
0.11
0.615
0.420
0.960
0.892
0.817
0.31
0.7
0.732
0.59
0.708
0.453
0.534
0.687
0.405
0.525
0.798
0.747
0.256
0.688
0.427
0.266
0.786
0.377
0.511
0.408
0.700
0.952
0.356
0.882
0.409
0.985
0.482
0.477
0.488
0.732
0.589
0.813
0.739
0.227
0.83
0.878
0.553
0.820
0.820
0.816
0.420
0.929
0.352
0.937
0.769
0.467
0.163
0.654
0.61
0.926
0.387
0.825
0.427
0.44
0.682
0.65
0.729
0.769
0.557
0.508
0.301
0.331
0.505
0.286
0.166
0.910
0.502
0.63
0.418
0.432
0.637
0.770
0.101
0.43
0.382
0.124
0.585
0.44
0.975
0.237
0.308
0.724
0.53
0.294
0.202
0.282
0.161
0.6
0.236
0.407
0.797
0.694
0.215
0.51
0.582
0.231
0.903
0.503
0.706
0.566
0.355
0.239
0.957
0.643
0.176
0.964
0.717
0.55
0.664
0.326
0.399
0.995
0.91
0.606
0.110
0.898
0.815
0.802
0.433
0.627
0.447
0.889
0.386
0.42
0.303
0.658
0.745
0.157
0.412
0.179
0.172
0.892
0.135
0.839
0.660
0.721
0.258
0.4
0.542
0.300
0.260
0.758
0.972
0.93
0.466
0.203
0.82
0.218
0.310
0.376
0.390
0.186
0.539
0.766
0.886
0.203
0.117
0.127
0.918
0.133
0.538
0.809
0.389
0.942
0.314
0.524
0.772
0.54
0.431
0.469
0.321
0.562
0.5
0.740
0.741
0.751
0.880
0.458
0.44
0.428
0.511
0.866
0.222
0.313
0.125
0.610
0.300
0.148
0.184
0.273
0.317
0.992
0.485
0.812
0.776
0.304
0.31
0.859
0.434
0.94
0.465
0.548
0.241
0.810
0.870
0.432
0.468
0.896
0.934
0.956
0.823
0.957
0.280
0.61
0.800
0.763
0.526
0.978
0.563
0.602
0.994
0.951
0.740
0.164
0.56
0.512
0.573
0.796
0.530
0.146
0.667
0.596
0.279
0.170
0.33
0.226
0.522
0.639
0.463
0.711
0.800
0.635
0.881
0.943
0.372
0.771
0.493
0.793
0.47
0.788
0.41
0.645
0.799
0.815
0.641
0.911
0.592
0.155
0.798
0.630
0.709
0.558
0.354
0.33
0.489
0.57
0.66
0.73
0.466
0.177
0.874
0.447
0.500
0.535
0.643
0.44
0.852
0.411
0.916
0.122
0.734
0.648
0.64
0.982
0.207
0.76
0.613
0.654
0.582
0.254
0.10
0.339
0.734
0.741
0.977
0.690
0.367
0.11
0.960
0.899
0.392
0.633
0.269
0.163
0.758
0.904
0.446
0.804
0.910
0.423
0.520
0.97
0.30
0.887
0.570
0.695
0.500
0.518
0.850
0.608
0.537
0.757
0.926
0.199
0.530
0.364
0.562
0.358
0.14
0.325
0.858
0.683
0.101
0.89
0.978
0.156
0.823
0.874
0.321
0.177
0.418
0.10
0.296
0.592
0.892
0.286
0.340
0.569
0.389
0.7
0.235
0.672
0.348
0.800
0.37
0.79
0.906
0.549
0.532
0.973
0.61
0.612
0.998
0.568
0.492
0.75
0.603
0.684
0.465
0.83
0.913
0.217
0.69
0.675
0.90
0.219
0.617
0.978
0.129
0.322
0.127
0.77
0.384
0.461
0.123
0.722
0.135
0.906
0.124
0.443
0.476
0.661
0.656
0.354
0.134
0.81
0.61
0.942
0.206
0.207
0.325
0.93
0.114
0.974
0.98
0.368
0.106
0.744
0.995
0.339
0.214
0.22
0.422
0.678
0.640
0.685
0.711
0.526
0.751
0.731
0.420
0.311
0.21
0.14
0.687
0.373
0.508
0.191
0.961
0.806
0.7
0.93
0.836
0.643
0.591
0.400
0.726
0.227
0.328
0.241
0.489
0.945
0.851
0.876
0.303
0.114
0.855
0.753
0.354
0.818
0.821
0.305
0.251
0.342
0.73
0.433
0.97
0.501
0.212
0.346
0.76
0.326
0.973
0.431
0.545
0.827
0.990
0.947
0.122
0.111
0.981
0.485
0.690
0.64
0.764
0.712
0.608
0.314
0.694
0.826
0.204
0.935
0.365
0.937
0.537
0.471
0.339
0.959
0.166
0.561
0.640
0.926
0.495
0.368
0.681
0.379
0.193
0.824
0.660
0.666
0.495
0.390
0.103
0.239
0.307
0.180
0.818
0.650
0.93
0.785
0.368
0.352
0.344
0.793
0.686
0.351
0.454
0.789
0.208
0.404
0.330
0.455
0.712
0.469
0.768
0.100
0.571
0.32
0.921
0.805
0.832
0.431
0.347
0.816
0.296
0.729
0.882
0.837
0.136
0.686
0.749
0.679
0.338
0.886
0.182
0.104
0.715
0.749
0.104
0.665
0.112
0.119
0.699
0.588
0.258
0.902
0.154
0.556
0.171
0.74
0.420
0.857
0.195
0.133
0.653
0.160
0.970
0.168
0.704
0.703
0.35
0.473
0.164
0.152
0.421
0.359
0.679
0.843
0.977
0.928
0.783
0.424
0.671
0.772
0.515
0.175
0.207
0.286
0.652
0.464
0.232
0.103
0.587
0.886
0.297
0.662
0.679
0.720
0.697
0.236
0.223
0.3
0.723
0.521
0.734
0.584
0.693
0.422
0.374
0.272
0.671
0.981
0.704
0.463
0.207
0.118
0.851
0.163
0.412
0.975
0.510
0.341
0.226
0.612
0.80
0.844
0.168
0.743
0.789
0.31
0.713
0.585
0.503
0.518
0.61
0.605
0.760
0.669
0.596
0.233
0.831
0.151
0.123
0.244
0.669
0.989
0.439
0.942
0.717
0.93
0.862
0.863
0.959
0.147
0.648
0.248
0.661
0.775
0.523
0.671
0.346
0.379
0.581
0.218
0.435
0.403
0.257
0.96
0.512
0.496
0.305
0.428
0.352
0.592
0.968
0.15
0.366
0.922
0.930
0.635
0.563
0.679
0.363
0.372
0.90
0.312
0.223
0.888
0.229
0.807
0.870
0.248
0.241
0.591
0.462
0.141
0.49
0.36
0.27
0.660
0.617
0.482
0.388
0.481
0.579
0.164
0.859
0.778
0.888
0.653
0.957
0.845
0.34
0.735
0.51
0.200
0.616
0.573
0.921
0.888
0.762
0.970
0.423
0.430
0.146
0.445
0.919
0.869
0.834
0.591
0.49
0.578
0.610
0.886
0.595
0.566
0.805
0.256
0.161
0.532
0.158
0.752
0.325
0.768
0.296
0.289
0.849
0.761
0.273
0.587
0.316
0.106
0.389
0.52
0.571
0.309
0.345
0.955
0.360
0.4
0.146
0.82
0.644
0.941
0.309
0.312
0.115
0.660
0.445
0.753
0.852
0.937
0.783
0.730
0.994
0.310
0.636
0.916
0.255
0.524
0.678
0.918
0.522
0.86
0.537
0.324
0.455
0.731
0.475
0.942
0.403
0.134
0.821
0.324
0.267
0.367
0.475
0.635
0.272
0.122
0.910
0.673
0.640
0.679
0.68
0.924
0.27
0.593
0.175
0.277
0.900
0.232
0.990
0.935
0.106
0.582
0.917
0.657
0.727
0.470
0.23
0.492
0.871
0.956
0.194
0.765
0.667
0.19
0.388
0.110
0.726
0.263
0.497
0.994
0.318
0.459
0.601
0.777
0.302
0.854
0.826
0.404
0.317
0.416
0.634
0.273
0.278
0.626
0.554
0.421
0.361
0.926
0.415
0.516
0.855
0.834
0.885
0.690
0.172
0.449
0.506
0.640
0.803
0.598
0.669
0.792
0.325
0.112
0.779
0.860
0.761
0.107
0.514
0.231
0.9
0.525
0.368
0.461
0.717
0.318
0.762
0.680
0.674
0.109
0.921
0.313
0.500
0.658
0.834
0.929
0.35
0.907
0.660
0.946
0.342
0.363
0.410
0.172
0.600
0.967
0.84
0.545
0.614
0.805
0.914
0.757
0.154
0.498
0.83
0.273
0.895
0.918
0.175
0.835
0.24
0.548
0.579
0.345
0.196
0.826
0.563
0.277
0.843
0.425
0.484
0.790
0.245
0.48
0.523
0.781
0.910
0.350
0.791
0.533
0.584
0.764
0.560
0.910
0.193
0.950
0.337
0.394
0.272
0.806
0.653
0.816
0.497
0.162
0.528
0.376
0.335
0.597
0.528
0.60
0.830
0.689
0.431
0.484
0.903
0.110
0.175
0.181
0.778
0.741
0.194
0.487
0.268
0.786
0.474
0.567
0.405
0.403
0.150
0.170
0.631
0.234
0.905
0.448
0.689
0.308
0.816
0.575
0.754
0.296
0.673
0.270
0.360
0.650
0.926
0.620
0.131
0.525
0.86
0.827
0.143
0.29
0.892
0.776
0.205
0.425
0.898
0.929
0.287
0.879
0.831
0.3
0.885
0.685
0.641
0.283
0.6
0.281
0.406
0.826
0.947
0.339
0.540
0.528
0.285
0.182
0.585
0.989
0.166
0.820
0.152
0.589
0.559
0.225
0.329
0.527
0.44
0.410
0.629
0.967
0.232
0.545
0.599
0.193
0.344
0.893
0.961
0.55
0.709
0.160
0.527
0.571
0.72
0.385
0.369
0.144
0.386
0.217
0.437
0.523
0.699
0.283
0.476
0.137
0.410
0.990
0.639
0.936
0.291
0.142
0.752
0.439
0.342
0.414
0.664
0.219
0.168
0.222
0.994
0.722
0.297
0.2
0.351
0.171
0.753
0.240
0.842
0.525
0.31
0.251
0.543
0.942
0.326
0.184
0.991
0.794
0.111
0.584
0.906
0.297
0.378
0.443
0.322
0.610
0.244
0.269
0.955
0.751
0.921
0.123
0.694
0.740
0.873
0.206
0.75
0.862
0.720
0.610
0.23
0.912
0.550
0.350
0.554
0.370
0.546
0.24
0.561
0.967
0.213
0.661
0.252
0.489
0.133
0.418
0.575
0.330
0.450
0.151
0.806
0.548
0.750
0.847
0.580
0.758
0.809
0.560
0.211
0.485
0.28
0.805
0.610
0.650
0.468
0.733
0.542
0.79
0.315
0.710
0.689
0.258
0.639
0.1
0.418
0.810
0.768
0.100
0.638
0.287
0.546
0.312
0.599
0.453
0.869
0.69
0.161
0.524
0.228
0.144
0.731
0.493
0.708
0.228
0.547
0.34
0.434
0.817
0.746
0.488
0.658
0.749
0.785
0.562
0.820
0.345
0.404
0.251
0.501
0.514
0.72
0.974
0.731
0.832
0.458
0.479
0.704
0.715
0.834
0.229
0.42
0.468
0.770
0.429
0.525
0.201
0.25
0.988
0.863
0.796
0.497
0.137
0.68
0.705
0.957
0.410
0.565
0.210
0.495
0.968
0.281
0.300
0.391
0.412
0.880
0.460
0.308
0.811
0.59
0.10
0.40
0.639
0.655
0.374
0.999
0.570
0.477
0.895
0.53
0.616
0.825
0.934
0.397
0.433
0.51
0.424
0.837
0.51
0.580
0.444
0.845
0.946
0.856
0.265
0.639
0.380
0.525
0.948
0.749
0.355
0.395
0.318
0.275
0.849
0.530
0.489
0.579
0.774
0.868
0.289
0.519
0.501
0.660
0.72
0.100
0.161
0.721
0.300
0.511
0.10
0.794
0.764
0.616
0.444
0.171
0.404
0.98
0.547
0.924
0.869
0.191
0.698
0.793
0.183
0.641
0.685
0.321
0.968
0.964
0.416
0.582
0.722
0.801
0.996
0.754
0.481
0.690
0.735
0.924
0.430
0.835
0.15
0.472
0.564
0.743
0.977
0.157
0.854
0.198
0.911
0.581
0.621
0.345
0.216
0.417
0.220
0.414
0.286
0.989
0.218
0.321
0.896
0.600
0.319
0.656
0.633
0.498
0.172
0.456
0.748
0.854
0.4
0.268
0.35
0.233
0.816
0.306
0.310
0.889
0.358
0.881
0.448
0.109
0.712
0.721
0.318
0.129
0.522
0.979
0.867
0.594
0.457
0.202
0.971
0.113
0.376
0.617
0.649
0.9
0.916
0.543
0.283
0.694
0.812
0.544
0.22
0.497
0.412
0.24
0.795
0.194
0.943
0.17
0.145
0.162
0.487
0.469
0.628
0.981
0.155
0.447
0.684
0.205
0.858
0.831
0.422
0.674
0.35
0.701
0.767
0.752
0.283
0.829
0.920
0.249
0.215
0.936
0.373
0.264
0.935
0.226
0.567
0.806
0.691
0.349
0.420
0.986
0.14
0.339
0.363
0.354
0.666
0.101
0.873
0.212
0.689
0.556
0.242
0.671
0.974
0.584
0.191
0.693
0.686
0.474
0.192
0.486
0.510
0.431
0.831
0.840
0.13
0.760
0.467
0.476
0.44
0.185
0.895
0.630
0.787
0.723
0.371
0.893
0.558
0.719
0.538
0.731
0.678
0.955
0.525
0.2
0.459
0.479
0.31
0.580
0.713
0.914
0.670
0.252
0.24
0.326
0.915
0.820
0.396
0.826
0.218
0.828
0.169
0.451
0.49
0.962
0.759
0.312
0.592
0.93
0.622
0.160
0.360
0.898
0.661
0.357
0.643
0.658
0.336
0.559
0.656
0.23
0.790
0.961
0.37
0.65
0.670
0.768
0.650
0.630
0.819
0.651
0.852
0.394
0.409
0.877
0.186
0.356
0.658
0.519
0.270
0.15
0.217
0.691
0.114
0.457
0.621
0.312
0.714
0.24
0.504
0.764
0.916
0.830
0.20
